m-2;-0.8;6;-2;28;28;28;
m1.5;-0.6;3;-0.8;28;28;28;
m1.7;-0.4;3;-0.6;28;28;28;
m4.5;-0.4;5.5;-0.8;28;28;28;
m4;0.1;4.5;0;28;28;28;
c0;-0.7;0.1;-0.8;255;0;0;4.7;-0.4;3;
c0.2;-0.61;0.3;-0.8;0;255;0;4.2;0.1;5;
c0.4;-0.7;0.6;-0.8.5;0;0;255;4.5;-0.8;2;
p-1.7;1.0;6.0;-1.0;
/
m-2;3;2;0.5;100;100;100;
m-2;-0.5;0.1;-1;100;100;100;
m0.2;-0.5;1.6;-0.6;100;100;100;
m2.5;-0.5;5.5;-2;100;100;100;
m2.9;-0.3;5;-0.38;100;100;100;
m2.9;-0.1;3;-0.3;100;100;100;
m4.9;-0.1;5;-0.3;100;100;100;
m2.9;0.1;3.85;-0.1;100;100;100;
m4.05;0.1;5;-0.1;100;100;100;
m5.6;-0.3;6;-0.4;100;100;100;
m5;-0.1;5.3;-0.2;100;100;100;
m2;0.7;3.8;0.6;100;100;100;
c0;-0.4;0.1;-0.5;255;0;0;4;-0.3;3;
c-0.7;-0.3;-0.6;-0.5;0;255;0;2.2;0.7;5;
c-0.4;-0.4;-0.2;-0.5;0;0;255;4.05;0.1;4;
p-1.7;1.0;6.0;-1.0;
/
